<?xml version="1.0"?>
<opencv_storage>
<cM type_id="opencv-matrix">
  <rows>3</rows>
  <cols>3</cols>
  <dt>d</dt>
  <data>
    477.66760719516782 0. 312.45103801287365 0. 474.58566367346486
    250.24839434242196 0. 0. 1.</data></cM>
<dist type_id="opencv-matrix">
  <rows>1</rows>
  <cols>5</cols>
  <dt>d</dt>
  <data>
    0.05866023604357877 -0.0034394818794825695 -0.0045949867326930084
    0.00140782848097086 -0.1076270202333403</data></dist>
</opencv_storage>
